0	DEMO	00	0,256523	0	0	0
1	DEMO	01	0,256523	0	1000	10
2	DEMO	02	0,256523	0	2000	20
3	DEMO	03	0,256523	0	3000	30
4	DEMO	04	0,256523	0	4000	40
5	DEMO	05	0,256523	0	5000	50
6	DEMO	06	0,256523	0	6000	60
99999999	DEMO	DEMO	0,256523	2	51325,12	0
1013001	1013	A011	0.68	1	26.63	0
1013002	1013	A012	0.68	1	26.63	0
1013003	1013	A013	0.68	2	48.85	0
1013004	1013	A014	0.68	1	26.63	0
1013005	1013	A021	0.68	1	26.63	0
1013006	1013	A022	0.68	1	26.63	0
1013007	1013	A023	0.68	2	39.76	0
1013008	1013	A024	0.68	1	26.63	0
1013009	1013	A031	0.68	1	26.63	0
1013010	1013	A032	0.68	1	26.63	0
1013011	1013	A033	0.68	1	26.63	0
1013012	1013	A034	0.68	1	26.63	0
1013013	1013	A041	0.68	1	26.63	0
1013014	1013	A042	0.68	1	26.63	0
1013015	1013	A043	0.68	1	26.63	0
1013016	1013	A044	0.68	3	62.99	0
1013017	1013	A051	0.68	1	26.63	0
1013018	1013	A052	0.68	1	26.63	0
1013019	1013	A053	0.68	1	26.63	0
1013020	1013	A054	0.68	1	26.63	0
1013021	1013	A061	0.68	1	26.63	0
1013022	1013	A062	0.68	1	26.63	0
1013023	1013	A063	0.68	1	26.63	0
1013024	1013	A064	0.68	1	26.63	0
1013025	1013	A071	0.68	1	26.63	0
1013026	1013	A072	0.68	1	26.63	0
1013027	1013	A073	0.68	1	26.63	0
1013028	1013	A074	0.68	1	26.63	0
1013029	1013	A081	0.68	1	26.63	0
1013030	1013	A082	0.68	1	26.63	0
1013031	1013	A083	0.68	1	26.63	0
1013032	1013	A084	0.68	3	62.99	0
1013033	1013	A091	0.68	1	26.63	0
1013034	1013	A092	0.68	1	26.63	0
1013035	1013	A093	0.68	1	26.63	0
1013036	1013	A094	0.68	1	26.63	0
1013037	1013	A101	0.68	1	26.63	0
1013038	1013	A102	0.68	1	26.63	0
1013039	1013	A103	0.68	1	26.63	0
1013040	1013	A104	0.68	1	26.63	0
1013041	1013	A111	0.68	2	44.81	0
1013042	1013	A112	0.68	1	26.63	0
1013043	1013	A113	0.68	1	26.63	0
1013044	1013	A114	0.68	1	26.63	0
1013045	1013	A121	0.68	1	26.63	0
1013046	1013	A122	0.68	1	26.63	0
1013047	1013	A123	0.68	2	44.81	0
1013048	1013	A124	0.68	1	26.63	0
1013049	1013	A131	0.68	3	62.99	0
1013050	1013	A132	0.68	1	26.63	0
1013051	1013	A133	0.68	1	26.63	0
1013052	1013	A134	0.68	1	26.63	0
1013053	1013	A141	0.68	1	26.63	0
1013054	1013	A142	0.68	1	26.63	0
1013055	1013	A143	0.68	1	26.63	0
1013056	1013	A144	0.68	1	26.63	0
1013057	1013	A151	0.68	1	26.63	0
1013058	1013	A152	0.68	1	26.63	0
1013059	1013	A153	0.68	12	254.89	0
1013060	1013	A154	0.68	1	26.63	0
1013061	1013	A161	0.68	1	26.63	0
1013062	1013	A162	0.68	2	48.85	0
1013063	1013	A163	0.68	1	26.63	0
1013064	1013	A164	0.68	1	26.63	0
1013065	1013	APH1	1.24	1	48.92	0
1013066	1013	APH2	1.24	1	48.92	0
1013067	1013	APH3	1.24	1	48.92	0
1013068	1013	APH4	1.24	2	82.25	0
1013069	1013	B013	0.68	1	26.63	0
1013070	1013	B014	0.68	1	26.63	0
1013071	1013	B021	0.68	1	26.63	0
1013072	1013	B023	0.68	1	26.63	0
1013073	1013	B024	0.68	1	26.63	0
1013074	1013	B031	0.68	1	26.63	0
1013075	1013	B032	0.68	1	26.63	0
1013076	1013	B033	0.68	1	26.63	0
1013077	1013	B034	0.68	1	26.63	0
1013078	1013	B041	0.68	1	26.63	0
1013079	1013	B042	0.68	3	62.99	0
1013080	1013	B043	0.68	1	26.63	0
1013081	1013	B044	0.68	1	26.63	0
1013082	1013	B051	0.68	1	26.63	0
1013083	1013	B052	0.68	1	26.63	0
1013084	1013	B053	0.68	1	26.63	0
1013085	1013	B054	0.68	1	26.63	0
1013086	1013	B061	0.68	1	26.63	0
1013087	1013	B062	0.68	1	26.63	0
1013088	1013	B063	0.68	1	26.63	0
1013089	1013	B064	0.68	1	26.63	0
1013090	1013	B071	0.68	1	26.63	0
1013091	1013	B072	0.68	1	26.63	0
1013092	1013	B073	0.68	1	26.63	0
1013093	1013	B074	0.68	1	26.63	0
1013094	1013	B081	0.68	1	26.63	0
1013095	1013	B082	0.68	1	26.63	0
1013096	1013	B083	0.68	1	26.63	0
1013097	1013	B084	0.68	2	44.81	0
1013098	1013	B091	0.68	3	62.99	0
1013099	1013	B092	0.68	1	26.63	0
1013100	1013	B093	0.68	1	26.63	0
1013101	1013	B094	0.68	1	26.63	0
1013102	1013	B101	0.68	3	62.99	0
1013103	1013	B102	0.68	1	26.63	0
1013104	1013	B103	0.68	1	26.63	0
1013105	1013	B104	0.68	1	26.63	0
1013106	1013	B111	0.68	20	435.68	0
1013107	1013	B112	0.68	1	26.63	0
1013108	1013	B113	0.68	1	26.63	0
1013109	1013	B114	0.68	1	26.63	0
1013110	1013	B121	0.68	1	26.63	0
1013111	1013	B122	0.68	2	48.85	0
1013112	1013	B123	0.68	1	26.63	0
1013113	1013	B124	0.68	1	26.63	0
1013114	1013	B131	0.68	1	26.63	0
1013115	1013	B132	0.68	1	26.63	0
1013116	1013	B133	0.68	1	26.63	0
1013117	1013	B134	0.68	3	65.01	0
1013118	1013	B141	0.68	1	26.63	0
1013119	1013	B142	0.68	2	44.81	0
1013120	1013	B143	0.68	1	26.63	0
1013121	1013	B144	0.68	1	26.63	0
1013122	1013	B151	0.68	1	26.63	0
1013123	1013	B152	0.68	1	26.63	0
1013124	1013	B153	0.68	1	26.63	0
1013125	1013	B154	0.68	1	26.63	0
1013126	1013	B161	0.68	2	48.85	0
1013127	1013	B162	0.68	1	26.63	0
1013128	1013	B163	0.68	1	26.63	0
1013129	1013	B164	0.68	1	26.63	0
1013130	1013	B171	0.68	1	26.63	0
1013131	1013	B172	0.68	6	109.45	0
1013132	1013	B173	0.68	1	26.63	0
1013133	1013	B174	0.68	1	26.63	0
1013134	1013	B181	0.68	1	26.63	0
1013135	1013	B182	0.68	3	62.99	0
1013136	1013	B183	0.68	3	62.99	0
1013137	1013	B184	0.68	1	26.63	0
1013138	1013	BPH1	1.24	3	116.59	0
1013139	1013	BPH2	1.24	1	48.92	0
1013140	1013	BPH3	1.25	1	49	0
1013141	1013	BPH4	1.25	1	49	0
